0.00 0.00
1.00 1.02
2.00 1.30
3.00 0.81
4.00 0.99
5.00 0.95
6.00 1.04
7.00 1.44
8.00 1.59
9.00 1.21
10.00 2.55
11.00 1.86
12.00 2.12
13.00 0.91
14.00 0.32
15.00 0.32
16.00 1.10
17.00 0.91
18.00 1.74
19.00 0.87
20.00 1.29
21.00 1.15
22.00 1.25
23.00 1.18
24.00 1.93
25.00 2.38
26.00 2.29
27.00 0.81
28.00 2.24
29.00 0.71
30.00 0.55
31.00 0.57
32.00 0.21
33.00 0.57
34.00 0.26
35.00 0.30
36.00 1.00
37.00 0.93
38.00 0.63
39.00 1.08
40.00 1.60
41.00 1.35
42.00 1.10
43.00 2.23
44.00 2.88
45.00 0.97
46.00 0.47
47.00 0.84
48.00 0.84
49.00 0.72
50.00 0.89
51.00 0.84
52.00 0.89
53.00 1.61
54.00 1.33
55.00 1.94
56.00 1.74
57.00 0.42
58.00 0.75
59.00 1.01
60.00 1.48
61.00 1.51
62.00 2.31
63.00 2.02
64.00 1.69
65.00 1.51
66.00 2.01
67.00 2.71
68.00 2.95
69.00 2.36
70.00 2.34
71.00 2.47
72.00 2.53
73.00 2.58
74.00 2.51
75.00 2.39
76.00 1.87
77.00 2.02
78.00 2.05
79.00 2.67
80.00 2.39
81.00 2.18
82.00 2.04
83.00 1.65
84.00 2.20
85.00 2.56
86.00 2.93
87.00 3.08
88.00 1.71
89.00 2.48
90.00 2.17
91.00 2.27
92.00 1.75
93.00 1.52
94.00 1.30
95.00 1.26
96.00 3.16
97.00 3.32
98.00 3.46
99.00 1.87
100.00 2.38
101.00 2.95
102.00 2.78
103.00 1.94
104.00 1.95
105.00 2.20
106.00 1.98
107.00 2.65
108.00 2.90
109.00 2.23
110.00 3.12
111.00 1.78
112.00 1.68
113.00 2.12
114.00 2.67
115.00 2.65
116.00 1.21
117.00 1.30
118.00 4.54
119.00 0.44
120.00 nan
121.00 0.50
122.00 5.76
123.00 4.73
124.00 2.34
125.00 2.56
126.00 1.81
127.00 1.77
128.00 2.79
129.00 1.90
130.00 1.53
131.00 7.28
132.00 3.18
133.00 1.71
134.00 2.91
135.00 3.51
136.00 2.05
137.00 1.68
138.00 2.14
139.00 2.17
140.00 1.31
141.00 1.07
142.00 0.54
143.00 0.90
144.00 1.64
145.00 0.90
146.00 0.75
147.00 1.67
148.00 1.74
149.00 1.46
150.00 1.32
151.00 1.06
152.00 0.62
153.00 1.04
154.00 1.38
155.00 1.86
156.00 1.38
157.00 1.62
158.00 0.78
159.00 1.19
160.00 1.22
161.00 0.49
162.00 0.56
163.00 1.57
164.00 0.85
165.00 1.56
166.00 0.81
167.00 2.21
168.00 2.28
169.00 2.58
170.00 2.99
171.00 2.43
172.00 6.75
173.00 2.15
174.00 1.91
175.00 2.57
176.00 2.71
177.00 1.76
178.00 3.24
179.00 1.74
180.00 1.69
