0.00 0.00
1.00 -1.42
2.00 1.69
3.00 -1.40
4.00 -1.60
5.00 -1.38
6.00 -1.14
7.00 -2.71
8.00 1.13
9.00 0.56
10.00 2.92
11.00 0.42
12.00 2.37
13.00 -1.17
14.00 -0.09
15.00 -0.39
16.00 -1.44
17.00 -1.95
18.00 -2.38
19.00 -0.91
20.00 1.51
21.00 1.07
22.00 -0.27
23.00 2.00
24.00 1.34
25.00 3.38
26.00 1.18
27.00 -0.84
28.00 3.07
29.00 -0.36
30.00 -1.35
31.00 -0.53
32.00 -0.48
33.00 -0.13
34.00 0.06
35.00 -0.47
36.00 -1.36
37.00 -0.87
38.00 -0.89
39.00 -2.61
40.00 -0.88
41.00 -0.56
42.00 -0.69
43.00 0.95
44.00 2.16
45.00 -0.85
46.00 0.32
47.00 0.38
48.00 1.64
49.00 1.12
50.00 -0.74
51.00 0.04
52.00 -0.75
53.00 1.46
54.00 1.53
55.00 0.91
56.00 1.15
57.00 -0.94
58.00 -0.02
59.00 0.59
60.00 0.99
61.00 -1.08
62.00 -0.94
63.00 2.18
64.00 -0.71
65.00 -0.99
66.00 -2.33
67.00 1.88
68.00 0.94
69.00 -0.98
70.00 1.46
71.00 -0.57
72.00 -3.12
73.00 1.36
74.00 -0.39
75.00 -1.24
76.00 -3.05
77.00 -3.46
78.00 1.30
79.00 -0.56
80.00 -1.18
81.00 0.09
82.00 0.78
83.00 1.23
84.00 0.45
85.00 -2.63
86.00 -2.71
87.00 -3.39
88.00 -2.41
89.00 -3.91
90.00 -2.68
91.00 -2.76
92.00 -0.86
93.00 -1.54
94.00 -0.08
95.00 2.83
96.00 1.49
97.00 2.01
98.00 1.09
99.00 1.60
100.00 1.49
101.00 2.80
102.00 1.14
103.00 0.24
104.00 1.26
105.00 2.56
106.00 -0.21
107.00 -1.27
108.00 -3.16
109.00 -0.92
110.00 -1.70
111.00 -1.30
112.00 0.38
113.00 -0.02
114.00 -3.17
115.00 -1.12
116.00 1.56
117.00 0.96
118.00 -3.39
119.00 -0.03
120.00 nan
121.00 -0.77
122.00 -3.56
123.00 -2.04
124.00 1.57
125.00 1.27
126.00 -2.99
127.00 -2.69
128.00 0.61
129.00 1.26
130.00 0.16
131.00 -4.67
132.00 -0.44
133.00 -1.07
134.00 -2.82
135.00 -3.64
136.00 -3.43
137.00 0.26
138.00 -1.19
139.00 2.20
140.00 1.66
141.00 2.15
142.00 -0.84
143.00 1.63
144.00 3.86
145.00 1.08
146.00 -0.87
147.00 1.62
148.00 2.58
149.00 3.18
150.00 2.42
151.00 2.32
152.00 -0.30
153.00 -0.94
154.00 -2.37
155.00 -3.17
156.00 1.73
157.00 0.95
158.00 0.60
159.00 1.88
160.00 -1.35
161.00 -1.17
162.00 -0.73
163.00 -3.09
164.00 -0.43
165.00 -1.03
166.00 0.05
167.00 0.08
168.00 0.34
169.00 -3.14
170.00 -5.17
171.00 -2.25
172.00 -3.03
173.00 0.36
174.00 1.01
175.00 2.11
176.00 -0.13
177.00 -2.74
178.00 -1.12
179.00 -0.25
180.00 -0.83
