0.00 0.00
1.00 0.54
2.00 1.62
3.00 0.45
4.00 0.58
5.00 0.61
6.00 0.76
7.00 1.00
8.00 1.63
9.00 1.26
10.00 3.32
11.00 1.95
12.00 2.78
13.00 0.38
14.00 0.05
15.00 0.17
16.00 0.47
17.00 0.67
18.00 1.34
19.00 0.33
20.00 1.34
21.00 1.30
22.00 1.24
23.00 1.46
24.00 1.38
25.00 2.32
26.00 3.30
27.00 0.98
28.00 2.09
29.00 0.76
30.00 0.57
31.00 0.17
32.00 0.33
33.00 0.04
34.00 0.20
35.00 0.42
36.00 0.65
37.00 0.84
38.00 0.75
39.00 0.97
40.00 1.44
41.00 1.66
42.00 1.30
43.00 2.72
44.00 3.87
45.00 1.14
46.00 0.57
47.00 0.81
48.00 1.18
49.00 0.87
50.00 0.88
51.00 0.76
52.00 0.81
53.00 1.87
54.00 1.17
55.00 1.53
56.00 2.09
57.00 0.64
58.00 0.92
59.00 1.18
60.00 1.63
61.00 0.88
62.00 2.37
63.00 2.47
64.00 1.60
65.00 1.54
66.00 1.74
67.00 3.98
68.00 4.20
69.00 2.67
70.00 3.02
71.00 2.93
72.00 2.91
73.00 3.07
74.00 2.42
75.00 2.15
76.00 1.52
77.00 1.66
78.00 1.84
79.00 2.63
80.00 2.30
81.00 2.03
82.00 2.19
83.00 1.41
84.00 2.29
85.00 2.79
86.00 3.28
87.00 3.43
88.00 1.68
89.00 2.81
90.00 2.16
91.00 1.96
92.00 1.36
93.00 1.15
94.00 0.60
95.00 1.98
96.00 4.18
97.00 4.89
98.00 5.09
99.00 2.05
100.00 3.06
101.00 2.61
102.00 2.26
103.00 1.32
104.00 1.18
105.00 1.84
106.00 1.36
107.00 2.09
108.00 2.43
109.00 1.07
110.00 1.10
111.00 0.64
112.00 0.48
113.00 1.94
114.00 2.39
115.00 2.72
116.00 1.32
117.00 1.57
118.00 2.27
119.00 0.01
120.00 nan
121.00 0.25
122.00 3.18
123.00 3.80
124.00 2.45
125.00 2.47
126.00 0.97
127.00 0.88
128.00 2.37
129.00 1.71
130.00 0.90
131.00 4.68
132.00 2.12
133.00 1.12
134.00 2.20
135.00 2.26
136.00 1.53
137.00 1.47
138.00 2.25
139.00 1.81
140.00 1.13
141.00 1.45
142.00 0.28
143.00 1.12
144.00 2.64
145.00 1.26
146.00 0.65
147.00 1.65
148.00 1.75
149.00 2.15
150.00 1.64
151.00 1.60
152.00 0.10
153.00 0.30
154.00 0.77
155.00 1.03
156.00 1.68
157.00 1.96
158.00 0.60
159.00 1.29
160.00 0.44
161.00 0.72
162.00 0.83
163.00 1.02
164.00 0.75
165.00 1.38
166.00 0.39
167.00 1.49
168.00 1.81
169.00 1.82
170.00 3.65
171.00 2.26
172.00 4.44
173.00 1.64
174.00 1.71
175.00 2.62
176.00 1.87
177.00 1.30
178.00 2.05
179.00 1.48
180.00 0.59
